<!DOCTYPE html>
<html>
<head>
<meta charset="utf-8"/>
<style>body{background-color:white;}</style>
<script src="lib/htmlwidgets-1.5.2/htmlwidgets.js"></script>
<script src="lib/plotly-binding-4.9.2.1/plotly.js"></script>
<script src="lib/typedarray-0.1/typedarray.min.js"></script>
<script src="lib/jquery-1.11.3/jquery.min.js"></script>
<link href="lib/crosstalk-1.1.0.1/css/crosstalk.css" rel="stylesheet" />
<script src="lib/crosstalk-1.1.0.1/js/crosstalk.min.js"></script>
<link href="lib/plotly-htmlwidgets-css-1.52.2/plotly-htmlwidgets.css" rel="stylesheet" />
<script src="lib/plotly-main-1.52.2/plotly-latest.min.js"></script>
  <title>plotly</title>
</head>
<body>
<div id="htmlwidget_container">
  <div id="htmlwidget-0348b0bb81bc9579f12a" style="width:100%;height:400px;" class="plotly html-widget"></div>
</div>
<script type="application/json" data-for="htmlwidget-0348b0bb81bc9579f12a">{"x":{"visdat":{"1fcc363775c":["function () ","plotlyVisDat"]},"cur_data":"1fcc363775c","attrs":{"1fcc363775c":{"z":[[0,0,0,0,0,0,0,0,0,0,0,0,0,0,0,0,0,0,0,0,0,0,0,0,0,0,0,0,0,0,0,0,0,0,0,0,0,0,0,0,0,0,0,0,0,0,0,0,0,0,0,0,0,0,0,0,0,0,0,0,0,0,0,0,0,0,0,0,0,0,0,0,0,0,0,0,0,0,0,0,0,0,0,0,0,0,0,0,0,0,0,0,0,0,0,0,0,0,0,0,0],[0,16.077077074234,11.4266589877168,9.37829495996986,8.16447631198146,7.34127009571673,6.73756599512626,6.27158334275573,5.89867464050519,5.59213467827634,5.33488581331467,5.11543361452901,4.92572182999982,4.75991535591903,4.61367130927973,4.48368257717301,4.36738113804579,4.26273902341768,4.16813109331993,4.08223815599073,4.003977129655,3.93244976033679,3.86690434065829,3.80670670884343,3.75131798398794,3.70027726576795,3.65318804365296,3.60970741311887,3.56953744069668,3.53241819170325,3.49812205730712,3.4664491064053,3.43722325280716,3.41028907635267,3.38550917259583,3.36276193287976,3.34193967736343,3.32294707950531,3.30569983287452,3.2901235208273,3.27615265720303,3.2637298722424,3.25280522277107,3.24333560959833,3.2352842882599,3.22862046184748,3.22331894683934,3.21935990467362,3.2167286333679,3.21541541484681,3.21541541484681,3.2167286333679,3.21935990467362,3.22331894683934,3.22862046184748,3.2352842882599,3.24333560959833,3.25280522277107,3.2637298722424,3.27615265720303,3.2901235208273,3.30569983287452,3.32294707950531,3.34193967736343,3.36276193287976,3.38550917259583,3.41028907635267,3.43722325280716,3.4664491064053,3.49812205730712,3.53241819170325,3.56953744069668,3.60970741311887,3.65318804365296,3.70027726576795,3.75131798398794,3.80670670884343,3.86690434065829,3.93244976033679,4.003977129655,4.08223815599073,4.16813109331994,4.26273902341768,4.36738113804579,4.48368257717301,4.61367130927973,4.75991535591903,4.92572182999982,5.11543361452901,5.33488581331467,5.59213467827634,5.89867464050519,6.27158334275573,6.73756599512627,7.34127009571673,8.16447631198147,9.37829495996985,11.4266589877168,16.077077074234,0,0],[0,11.4266589877168,8.12184167951746,6.66626699379827,5.8037836052368,5.21889617861949,4.79000089923372,4.45897890390288,4.19410100870725,3.97638911025695,3.79370710329083,3.63788666522475,3.50320284728656,3.38550917259583,3.28171961560591,3.18948422204035,3.10697827322854,3.03276083985517,2.96567726423824,2.90479031354836,2.84933055062514,2.79865989170175,2.75224440331115,2.70963369419026,2.67044509433423,2.63435136206055,2.60107102727668,2.57036072960152,2.54200908363277,2.51583172589297,2.49166728526049,2.46937408181554,2.44882740523903,2.42991725810883,2.41254647502593,2.39662914783272,2.38208930192284,2.36885977997778,2.35688129825741,2.3461016474469,2.33647501548182,2.32796141407875,2.32052619414784,2.31413963805,2.3087766189333,2.30441631925517,2.30104200215701,2.29864083067741,2.29720373092413,2.29672529631915,2.29720373092413,2.29864083067741,2.30104200215701,2.30441631925517,2.3087766189333,2.31413963805,2.32052619414785,2.32796141407875,2.33647501548182,2.3461016474469,2.35688129825741,2.36885977997778,2.38208930192284,2.39662914783272,2.41254647502593,2.42991725810883,2.44882740523903,2.46937408181554,2.49166728526049,2.51583172589297,2.54200908363278,2.57036072960152,2.60107102727668,2.63435136206055,2.67044509433423,2.70963369419026,2.75224440331115,2.79865989170175,2.84933055062514,2.90479031354836,2.96567726423824,3.03276083985517,3.10697827322854,3.18948422204035,3.28171961560591,3.38550917259583,3.50320284728656,3.63788666522475,3.79370710329083,3.97638911025695,4.19410100870725,4.45897890390288,4.79000089923372,5.21889617861949,5.80378360523681,6.66626699379828,8.12184167951745,11.4266589877168,0,0,0],[0,9.37829495996986,6.66626699379827,5.471859658403,4.76417860384567,4.28430704918868,3.93244976033679,3.66091149422698,3.44365398481432,3.26510320698537,3.11530002064243,2.98754142632203,2.87712955575225,2.78066189220956,2.69560616064688,2.62003412908244,2.5524485899157,2.49166728526049,2.43674288182981,2.38690647428854,2.34152685925104,2.30008063090044,2.2621298585819,2.22730517646676,2.19529280171712,2.16582444787132,2.13866940161938,2.11362823667134,2.09052778091858,2.06921705340323,2.04956395923194,2.03145258237194,2.01478095418904,1.99945920365978,1.9854080161906,1.97255734384178,1.96084532185156,1.95021735566116,1.94062534986168,1.9320270561307,1.92438552167968,1.9176686232744,1.91184867472891,1.9069020980705,1.90280915044936,1.89955370041676,1.89712304849293,1.8955077880481,1.89470170347494,1.89470170347494,1.8955077880481,1.89712304849293,1.89955370041676,1.90280915044936,1.9069020980705,1.91184867472891,1.9176686232744,1.92438552167968,1.9320270561307,1.94062534986168,1.95021735566116,1.96084532185156,1.97255734384178,1.9854080161906,1.99945920365978,2.01478095418904,2.03145258237194,2.04956395923194,2.06921705340323,2.09052778091858,2.11362823667134,2.13866940161938,2.16582444787132,2.19529280171712,2.22730517646676,2.2621298585819,2.30008063090044,2.34152685925104,2.38690647428854,2.43674288182981,2.49166728526049,2.5524485899157,2.62003412908244,2.69560616064688,2.78066189220956,2.87712955575225,2.98754142632203,3.11530002064243,3.26510320698537,3.44365398481432,3.66091149422698,3.9324497603368,4.28430704918869,4.76417860384568,5.47185965840301,6.66626699379829,9.37829495996986,0,0,0,0],[0,8.16447631198146,5.8037836052368,4.76417860384567,4.1482624628867,3.73064940805426,3.424469133675,3.18820407580294,2.99918880548968,2.84386682450362,2.71356925718545,2.60246160263786,2.50645475802257,2.42258717426436,2.34865481138389,2.28297942245,2.22425794817868,2.17146147957872,2.12376560052157,2.08050121098019,2.04111907799537,2.00516380641806,1.97225440944027,1.94206959010762,1.91433644243678,1.88882167272348,1.86532470402713,1.84367220572742,1.82371371408689,1.8053180970744,1.78837067904835,1.77277088599075,1.75843030499435,1.7452710761423,1.73322455320265,1.72223018337215,1.7122345668375,1.70319066502609,1.69505713270748,1.6877977540275,1.68138096643988,1.67577945958957,1.67096983868172,1.66693234387975,1.66365061892163,1.66111152350699,1.65930498515468,1.65822388721051,1.65786399054058,1.65822388721051,1.65930498515468,1.66111152350699,1.66365061892163,1.66693234387975,1.67096983868172,1.67577945958957,1.68138096643988,1.6877977540275,1.69505713270748,1.70319066502609,1.7122345668375,1.72223018337215,1.73322455320265,1.7452710761423,1.75843030499435,1.77277088599075,1.78837067904835,1.8053180970744,1.82371371408689,1.84367220572742,1.86532470402713,1.88882167272348,1.91433644243678,1.94206959010762,1.97225440944027,2.00516380641806,2.04111907799537,2.08050121098019,2.12376560052158,2.17146147957872,2.22425794817868,2.28297942245,2.34865481138389,2.42258717426437,2.50645475802257,2.60246160263786,2.71356925718545,2.84386682450362,2.99918880548968,3.18820407580294,3.424469133675,3.73064940805427,4.14826246288671,4.76417860384568,5.80378360523681,8.1644763119815,0,0,0,0,0],[0,7.34127009571673,5.21889617861949,4.28430704918868,3.73064940805426,3.3552808069658,3.08009776041314,2.86777301209336,2.69792895828653,2.55837763063356,2.44132538306959,2.34152685925104,2.25530592189223,2.18000016827824,2.11362823667134,2.054681480205,2.0019885648275,1.95462463214215,1.91184867472891,1.87305932478204,1.83776298473931,1.80555042679637,1.77607932598108,1.74906102865356,1.72425039542548,1.70143790988965,1.68044348046432,1.66111152350699,1.64330702736982,1.62691237557651,1.61182476335123,1.59795408227234,1.5852211775035,1.57355640402731,1.56289842474606,1.553193205735,1.54439317340706,1.53645650563792,1.52934653455933,1.52303124315818,1.51748284131633,1.51267740971175,1.50859460223977,1.50521739943152,1.50253190683863,1.50052719359518,1.49919516741734,1.49853048320492,1.49853048320492,1.49919516741734,1.50052719359518,1.50253190683863,1.50521739943152,1.50859460223977,1.51267740971175,1.51748284131633,1.52303124315818,1.52934653455933,1.53645650563792,1.54439317340706,1.553193205735,1.56289842474606,1.57355640402731,1.5852211775035,1.59795408227234,1.61182476335123,1.62691237557651,1.64330702736982,1.66111152350699,1.68044348046433,1.70143790988965,1.72425039542548,1.74906102865356,1.77607932598108,1.80555042679637,1.83776298473931,1.87305932478205,1.91184867472891,1.95462463214215,2.0019885648275,2.054681480205,2.11362823667134,2.18000016827824,2.25530592189223,2.34152685925104,2.44132538306959,2.55837763063356,2.69792895828653,2.86777301209337,3.08009776041314,3.3552808069658,3.73064940805427,4.28430704918869,5.2188961786195,7.34127009571677,0,0,0,0,0,0],[0,6.73756599512626,4.79000089923372,3.93244976033679,3.424469133675,3.08009776041314,2.82766232322737,2.63290906720179,2.47713848918835,2.34916644515782,2.2418412885865,2.15034982382829,2.07131884881903,2.0023054103727,1.94149150716875,1.88749292006327,1.8392349617352,1.79586912149129,1.75671559926718,1.72122273655686,1.68893777290387,1.65948537380392,1.63255160349269,1.60787178434453,1.5852211775035,1.56440774274603,1.54526645205949,1.52765477902541,1.51144908842944,1.49654172256327,1.48283863211912,1.47025743678222,1.45872582786338,1.44818024547935,1.43856477787613,1.42983024189177,1.42193341225181,1.41483637408452,1.40850597824122,1.40291338307765,1.39803366956908,1.39384551919644,1.39033094610478,1.38747507671587,1.38526597135998,1.38369448364892,1.38275415429557,1.38244113693914,1.38275415429557,1.38369448364892,1.38526597135998,1.38747507671587,1.39033094610478,1.39384551919644,1.39803366956908,1.40291338307765,1.40850597824122,1.41483637408452,1.42193341225181,1.42983024189177,1.43856477787613,1.44818024547935,1.45872582786338,1.47025743678222,1.48283863211912,1.49654172256327,1.51144908842944,1.52765477902541,1.54526645205949,1.56440774274603,1.58522117750351,1.60787178434453,1.63255160349269,1.65948537380392,1.68893777290387,1.72122273655686,1.75671559926718,1.79586912149129,1.8392349617352,1.88749292006327,1.94149150716875,2.0023054103727,2.07131884881903,2.15034982382829,2.2418412885865,2.34916644515782,2.47713848918835,2.63290906720179,2.82766232322738,3.08009776041314,3.424469133675,3.9324497603368,4.79000089923373,6.7375659951263,0,0,0,0,0,0,0],[0,6.27158334275573,4.45897890390288,3.66091149422698,3.18820407580294,2.86777301209336,2.63290906720179,2.45173126894778,2.30683565463987,2.1878130770706,2.08800755362389,2.00293955303638,1.92946977234127,1.86532470402713,1.80881248984759,1.75864499644317,1.71382217456553,1.6735544803482,1.63720939214037,1.60427365357542,1.5743260574869,1.54701746276523,1.52205587882941,1.49919516741734,1.47822637014639,1.45897097126951,1.4412756065383,1.42500786646224,1.41005293749742,1.39631089174945,1.38369448364892,1.3721273466852,1.36154250863636,1.35188116250333,1.34309164440117,1.33512858027533,1.32795217140821,1.32152759491713,1.31582450028718,1.31081658677893,1.30648124955172,1.30279928473997,1.29975464565222,1.29733424383933,1.29552779008238,1.29432767144584,1.2937288614802,1.2937288614802,1.29432767144584,1.29552779008238,1.29733424383933,1.29975464565222,1.30279928473997,1.30648124955172,1.31081658677893,1.31582450028718,1.32152759491713,1.32795217140821,1.33512858027533,1.34309164440117,1.35188116250333,1.36154250863636,1.3721273466852,1.38369448364892,1.39631089174945,1.41005293749742,1.42500786646224,1.4412756065383,1.45897097126951,1.47822637014639,1.49919516741734,1.52205587882941,1.54701746276523,1.5743260574869,1.60427365357542,1.63720939214037,1.6735544803482,1.71382217456553,1.75864499644317,1.80881248984759,1.86532470402713,1.92946977234127,2.00293955303638,2.0880075536239,2.1878130770706,2.30683565463987,2.45173126894779,2.63290906720179,2.86777301209337,3.18820407580294,3.66091149422698,4.45897890390289,6.27158334275576,0,0,0,0,0,0,0,0],[0,5.89867464050519,4.19410100870725,3.44365398481432,2.99918880548968,2.69792895828653,2.47713848918835,2.30683565463987,2.17065349388393,2.05880321249227,1.96502559681183,1.88510821548492,1.81609900978921,1.75586012534293,1.70280069577885,1.65570952050685,1.61364631552206,1.57586875855033,1.54178219406998,1.51090412750009,1.48283863211912,1.45725755791117,1.43388650604668,1.41249420513347,1.3928843567887,1.37488930112287,1.35836504220781,1.34318730279269,1.32924836710129,1.31645453360089,1.30472404465487,1.29398539253692,1.28417592512812,1.27524069227226,1.26713148697581,1.25980604562488,1.25322737901129,1.24736321182831,1.24218551285801,1.23767010164837,1.23379632031024,1.23054676132766,1.22790704410528,1.22586563447389,1.22441370261952,1.22354501595279,1.22325586434389,1.22354501595279,1.22441370261952,1.22586563447389,1.22790704410528,1.23054676132766,1.23379632031024,1.23767010164837,1.24218551285801,1.24736321182831,1.25322737901129,1.25980604562489,1.26713148697581,1.27524069227226,1.28417592512812,1.29398539253692,1.30472404465487,1.31645453360089,1.32924836710129,1.34318730279269,1.35836504220781,1.37488930112287,1.3928843567887,1.41249420513347,1.43388650604668,1.45725755791117,1.48283863211912,1.51090412750009,1.54178219406998,1.57586875855033,1.61364631552206,1.65570952050685,1.70280069577885,1.75586012534293,1.81609900978921,1.88510821548492,1.96502559681183,2.05880321249227,2.17065349388393,2.30683565463986,2.47713848918835,2.69792895828653,2.99918880548967,3.44365398481432,4.19410100870725,5.89867464050519,0,0,0,0,0,0,0,0,0],[0,5.59213467827634,3.97638911025695,3.26510320698537,2.84386682450362,2.55837763063356,2.34916644515782,2.1878130770706,2.05880321249227,1.95285813866593,1.86404489275878,1.78837067904835,1.72303741574991,1.66601880605486,1.61580704184421,1.57125419883827,1.53146915394942,1.49574843243461,1.46352853447808,1.43435228046405,1.40784455252819,1.38369448364892,1.36164216408086,1.34146857233465,1.32298784684871,1.30604128279415,1.29049261806377,1.27622429495785,1.2631344689833,1.25113459595518,1.24014747126737,1.23010562607013,1.22095000769542,1.21262888840825,1.20509695908838,1.19831457391636,1.19224711936557,1.18686448637077,1.18214062887378,1.17805319534571,1.17458322257891,1.17171488319956,1.16943528010026,1.16773428242885,1.16660439896889,1.16604068576904,1.16604068576904,1.16660439896889,1.16773428242885,1.16943528010026,1.17171488319956,1.17458322257891,1.17805319534571,1.18214062887378,1.18686448637077,1.19224711936557,1.19831457391636,1.20509695908838,1.21262888840825,1.22095000769542,1.23010562607013,1.24014747126737,1.25113459595518,1.2631344689833,1.27622429495785,1.29049261806377,1.30604128279415,1.32298784684871,1.34146857233465,1.36164216408086,1.38369448364892,1.40784455252819,1.43435228046405,1.46352853447808,1.49574843243461,1.53146915394942,1.57125419883827,1.61580704184421,1.66601880605486,1.72303741574991,1.78837067904835,1.86404489275878,1.95285813866593,2.05880321249227,2.1878130770706,2.34916644515782,2.55837763063356,2.84386682450361,3.26510320698537,3.97638911025695,5.59213467827634,0,0,0,0,0,0,0,0,0,0],[0,5.33488581331467,3.79370710329083,3.11530002064243,2.71356925718545,2.44132538306959,2.2418412885865,2.08800755362389,1.96502559681183,1.86404489275878,1.77940635854294,1.70730158462785,1.64506176041365,1.59075425253761,1.5429409933272,1.50052719359518,1.46266301674587,1.42867761756749,1.39803366956908,1.37029526425395,1.3451047731519,1.32216585991204,1.30123080131893,1.28209088409524,1.26456903443028,1.2485140930928,1.23379632031024,1.22030383140899,1.20793974519802,1.19661988409383,1.18627090569529,1.17682877496554,1.16823750774091,1.16044813225524,1.15341782731993,1.14710920483735,1.141489711225,1.13653112764647,1.13220915308309,1.12850305753194,1.12539539519638,1.12287176960676,1.12092064429325,1.11953319402231,1.11870319277586,1.11842693565527,1.11870319277586,1.11953319402231,1.12092064429325,1.12287176960676,1.12539539519638,1.12850305753194,1.13220915308309,1.13653112764647,1.141489711225,1.14710920483735,1.15341782731993,1.16044813225524,1.16823750774091,1.17682877496554,1.18627090569529,1.19661988409383,1.20793974519802,1.22030383140899,1.23379632031024,1.2485140930928,1.26456903443028,1.28209088409524,1.30123080131893,1.32216585991204,1.3451047731519,1.37029526425395,1.39803366956908,1.42867761756749,1.46266301674587,1.50052719359518,1.5429409933272,1.59075425253761,1.64506176041365,1.70730158462785,1.77940635854294,1.86404489275878,1.96502559681183,2.08800755362389,2.2418412885865,2.44132538306959,2.71356925718545,3.11530002064243,3.79370710329083,5.33488581331467,0,0,0,0,0,0,0,0,0,0,0],[0,5.11543361452901,3.63788666522475,2.98754142632203,2.60246160263786,2.34152685925104,2.15034982382829,2.00293955303638,1.88510821548492,1.78837067904835,1.70730158462785,1.63824988121403,1.57865708646104,1.52667051057648,1.48091161553876,1.44033097225262,1.40411399380922,1.37161769791128,1.34232711230883,1.31582450028718,1.29176717898487,1.26987123393002,1.24989936465715,1.23165167917739,1.21495862905441,1.19967552219587,1.18567821472365,1.1728596952784,1.16112735275955,1.15040077316647,1.14060995023787,1.13169382282261,1.12359907259051,1.1162791310048,1.10969335594072,1.10380634700457,1.09858737522842,1.09400990792259,1.09005121344394,1.08669203376625,1.08391631522595,1.08171098981781,1.08006580104847,1.07897316971056,1.07842809608663,1.07842809608663,1.07897316971056,1.08006580104847,1.08171098981781,1.08391631522595,1.08669203376625,1.09005121344394,1.09400990792259,1.09858737522842,1.10380634700457,1.10969335594072,1.1162791310048,1.12359907259051,1.13169382282261,1.14060995023787,1.15040077316647,1.16112735275955,1.1728596952784,1.18567821472365,1.19967552219587,1.21495862905441,1.23165167917739,1.24989936465715,1.26987123393002,1.29176717898487,1.31582450028718,1.34232711230883,1.37161769791128,1.40411399380922,1.44033097225262,1.48091161553876,1.52667051057648,1.57865708646104,1.63824988121403,1.70730158462785,1.78837067904835,1.88510821548492,2.00293955303638,2.15034982382829,2.34152685925104,2.60246160263785,2.98754142632203,3.63788666522475,5.11543361452901,0,0,0,0,0,0,0,0,0,0,0,0],[0,4.92572182999982,3.50320284728656,2.87712955575225,2.50645475802257,2.25530592189223,2.07131884881903,1.92946977234127,1.81609900978921,1.72303741574991,1.64506176041365,1.57865708646104,1.52136033618978,1.47138796938816,1.42741294474141,1.3884250768797,1.35364027991958,1.32243968529758,1.29432767144584,1.26890223628114,1.24583364263024,1.22484874036734,1.20571926584769,1.18825298043705,1.17228686999623,1.15768186340476,1.14431868634726,1.13209457441022,1.12092064429325,1.11071977456986,1.10142488501343,1.09297753069168,1.08532674694196,1.07842809608663,1.0722428777893,1.06673747330516,1.06188280026079,1.05765385952366,1.0540293595603,1.05099140670583,1.04852525217681,1.04661908860454,1.04526389045929,1.04445329406714,1.04418351405642,1.04445329406714,1.04526389045929,1.04661908860454,1.04852525217681,1.05099140670583,1.0540293595603,1.05765385952366,1.06188280026079,1.06673747330516,1.0722428777893,1.07842809608663,1.08532674694196,1.09297753069168,1.10142488501343,1.11071977456986,1.12092064429325,1.13209457441022,1.14431868634726,1.15768186340476,1.17228686999623,1.18825298043705,1.20571926584769,1.22484874036734,1.24583364263024,1.26890223628114,1.29432767144584,1.32243968529758,1.35364027991958,1.3884250768797,1.42741294474141,1.47138796938816,1.52136033618978,1.57865708646104,1.64506176041365,1.72303741574991,1.81609900978921,1.92946977234127,2.07131884881903,2.25530592189223,2.50645475802257,2.87712955575225,3.50320284728656,4.92572182999982,0,0,0,0,0,0,0,0,0,0,0,0,0],[0,4.75991535591903,3.38550917259583,2.78066189220956,2.42258717426436,2.18000016827824,2.0023054103727,1.86532470402713,1.75586012534293,1.66601880605486,1.59075425253761,1.52667051057648,1.47138796938816,1.4231835637569,1.3807752937229,1.34318730279269,1.30966219061772,1.27960219028809,1.25252861822152,1.22805324962394,1.20585768720925,1.18567821472365,1.16729449332026,1.1505210010785,1.13520046385256,1.12119875387309,1.10840088532149,1.09670784027577,1.08603403065792,1.07630525266621,1.06745702648871,1.05943324036561,1.05218503730824,1.04566989703527,1.03985087636108,1.03469597934762,1.03017763470633,1.02627226270462,1.02295991755223,1.02022399417882,1.01805099065912,1.01643031944207,1.01535416210545,1.01481736367401,1.01481736367401,1.01535416210545,1.01643031944207,1.01805099065912,1.02022399417882,1.02295991755223,1.02627226270462,1.03017763470633,1.03469597934762,1.03985087636108,1.04566989703527,1.05218503730824,1.05943324036561,1.06745702648871,1.07630525266621,1.08603403065792,1.09670784027577,1.10840088532149,1.12119875387309,1.13520046385256,1.1505210010785,1.16729449332026,1.18567821472365,1.20585768720925,1.22805324962394,1.25252861822152,1.27960219028809,1.30966219061772,1.34318730279269,1.3807752937229,1.4231835637569,1.47138796938816,1.52667051057648,1.59075425253761,1.66601880605486,1.75586012534293,1.86532470402713,2.0023054103727,2.18000016827824,2.42258717426437,2.78066189220956,3.38550917259583,4.75991535591903,0,0,0,0,0,0,0,0,0,0,0,0,0,0],[0,4.61367130927973,3.28171961560591,2.69560616064688,2.34865481138389,2.11362823667134,1.94149150716875,1.80881248984759,1.70280069577885,1.61580704184421,1.5429409933272,1.48091161553876,1.42741294474141,1.3807752937229,1.33975642285284,1.30341078408589,1.27100454181639,1.2419585674806,1.21580914272459,1.19218021999569,1.17076342962552,1.15130340239374,1.13358681632208,1.11743410196145,1.10269307758666,1.08923400690909,1.07694571999612,1.06573253905166,1.05551182071425,1.04621197581561,1.03777086273669,1.03013447596253,1.02325587008773,1.01709427334284,1.01161435506264,1.00678561935335,1.00258190320903,0.998980961960006,0.99596412855616,0.993516036049561,0.991624394934028,0.990279818864833,0.989475693828558,0.989208087145144,0.989475693828558,0.990279818864833,0.991624394934028,0.993516036049561,0.99596412855616,0.998980961960006,1.00258190320903,1.00678561935335,1.01161435506264,1.01709427334284,1.02325587008773,1.03013447596253,1.03777086273669,1.04621197581561,1.05551182071425,1.06573253905166,1.07694571999612,1.08923400690909,1.10269307758666,1.11743410196145,1.13358681632208,1.15130340239374,1.17076342962552,1.19218021999569,1.21580914272459,1.2419585674806,1.27100454181639,1.30341078408589,1.33975642285284,1.3807752937229,1.42741294474141,1.48091161553876,1.5429409933272,1.61580704184421,1.70280069577885,1.80881248984759,1.94149150716875,2.11362823667134,2.34865481138389,2.69560616064688,3.2817196156059,4.61367130927973,0,0,0,0,0,0,0,0,0,0,0,0,0,0,0],[0,4.48368257717301,3.18948422204035,2.62003412908244,2.28297942245,2.054681480205,1.88749292006326,1.75864499644317,1.65570952050685,1.57125419883827,1.50052719359518,1.44033097225262,1.3884250768797,1.34318730279269,1.30341078408589,1.2681769420028,1.23677291407005,1.20863616482647,1.18331630358391,1.16044813225524,1.13973222025006,1.12092064429325,1.10380634700457,1.08821507870955,1.07399921455658,1.06103295394597,1.0492085531631,1.03843334021414,1.0286273288848,1.0197212969351,1.01165522754422,1.00437703786622,0.997841536685206,0.992009566591565,0.986847296166412,0.982325635284222,0.978419752478571,0.975108677830577,0.972374978373081,0.97020449580403,0.968586138554245,0.967511722096484,0.966975852921011,0.966975852921011,0.967511722096484,0.968586138554245,0.97020449580403,0.972374978373081,0.975108677830577,0.978419752478571,0.982325635284222,0.986847296166413,0.992009566591566,0.997841536685206,1.00437703786622,1.01165522754422,1.0197212969351,1.0286273288848,1.03843334021414,1.0492085531631,1.06103295394597,1.07399921455658,1.08821507870955,1.10380634700457,1.12092064429325,1.13973222025006,1.16044813225524,1.18331630358391,1.20863616482647,1.23677291407005,1.2681769420028,1.30341078408589,1.34318730279269,1.3884250768797,1.44033097225262,1.50052719359518,1.57125419883827,1.65570952050685,1.75864499644317,1.88749292006327,2.054681480205,2.28297942245,2.62003412908244,3.18948422204036,4.48368257717301,0,0,0,0,0,0,0,0,0,0,0,0,0,0,0,0],[0,4.36738113804579,3.10697827322854,2.5524485899157,2.22425794817868,2.0019885648275,1.8392349617352,1.71382217456553,1.61364631552206,1.53146915394942,1.46266301674587,1.40411399380922,1.35364027991958,1.30966219061772,1.27100454181639,1.23677291407005,1.20627323751296,1.17895784935072,1.15438830946665,1.13220915308309,1.11212897408934,1.0939065385353,1.07734042249059,1.06226116578153,1.04852525217681,1.03601043591744,1.02461207461942,1.01424022412652,1.00481731713963,0.996276294095421,0.988559088079413,0.981615389664779,0.975401635228754,0.969880175388549,0.965018590010371,0.960789123679931,0.957168221218389,0.954136147240366,0.951676677210857,0.949776850208381,0.948426775822709,0.947619489443634,0.947350851737472,0.947619489443634,0.948426775822709,0.949776850208381,0.951676677210857,0.954136147240366,0.957168221218389,0.960789123679931,0.965018590010371,0.969880175388549,0.975401635228754,0.981615389664779,0.988559088079413,0.996276294095421,1.00481731713963,1.01424022412652,1.02461207461942,1.03601043591744,1.04852525217681,1.06226116578153,1.07734042249059,1.0939065385353,1.11212897408934,1.13220915308309,1.15438830946665,1.17895784935072,1.20627323751296,1.23677291407005,1.27100454181639,1.30966219061772,1.35364027991958,1.40411399380922,1.46266301674587,1.53146915394942,1.61364631552206,1.71382217456553,1.8392349617352,2.0019885648275,2.22425794817868,2.55244858991571,3.10697827322855,4.36738113804582,0,0,0,0,0,0,0,0,0,0,0,0,0,0,0,0,0],[0,4.26273902341768,3.03276083985517,2.49166728526049,2.17146147957872,1.95462463214215,1.79586912149129,1.6735544803482,1.57586875855033,1.49574843243461,1.42867761756749,1.37161769791128,1.32243968529758,1.27960219028809,1.2419585674806,1.20863616482647,1.17895784935072,1.15238936717131,1.12850305753194,1.10695224012982,1.08745275631917,1.06976941918288,1.05370590300781,1.03909708802254,1.02580318762185,1.01370518958065,1.00270127951513,0.992704008095298,0.983638028167766,0.975438273472179,0.968048483148646,0.961419999763896,0.955510785825583,0.9502846165372,0.945710416131414,0.941761712387812,0.938416189514486,0.93565532389767,0.9334640906229,0.931830731382734,0.930746576587026,0.93020591631684,0.93020591631684,0.930746576587026,0.931830731382734,0.9334640906229,0.93565532389767,0.938416189514486,0.941761712387812,0.945710416131414,0.9502846165372,0.955510785825584,0.961419999763896,0.968048483148646,0.975438273472179,0.983638028167766,0.992704008095299,1.00270127951513,1.01370518958065,1.02580318762185,1.03909708802254,1.05370590300781,1.06976941918288,1.08745275631917,1.10695224012982,1.12850305753194,1.15238936717131,1.17895784935072,1.20863616482647,1.2419585674806,1.27960219028809,1.32243968529758,1.37161769791128,1.42867761756749,1.49574843243461,1.57586875855033,1.6735544803482,1.79586912149129,1.95462463214215,2.17146147957872,2.49166728526049,3.03276083985518,4.2627390234177,0,0,0,0,0,0,0,0,0,0,0,0,0,0,0,0,0,0],[0,4.16813109331993,2.96567726423824,2.43674288182981,2.12376560052157,1.91184867472891,1.75671559926718,1.63720939214037,1.54178219406998,1.46352853447808,1.39803366956908,1.34232711230883,1.29432767144584,1.25252861822152,1.21580914272459,1.18331630358391,1.15438830946665,1.12850305753194,1.10524266036038,1.08426840759036,1.0653027215149,1.04811591183243,1.0325162929594,1.01834270179037,1.00545875819898,0.993748410286407,0.983112440084199,0.973465696582915,0.964734886170634,0.956856795076676,0.949776850208381,0.943447947779967,0.937829495996985,0.93288663056725,0.928589571192468,0.924913094315324,0.921836102863712,0.9193412779838,0.917414801103717,0.916046137353229,0.915227873556744,0.914955605850717,0.915227873556744,0.916046137353229,0.917414801103717,0.9193412779838,0.921836102863712,0.924913094315324,0.928589571192468,0.93288663056725,0.937829495996985,0.943447947779967,0.949776850208381,0.956856795076676,0.964734886170634,0.973465696582915,0.983112440084199,0.993748410286407,1.00545875819898,1.01834270179037,1.0325162929594,1.04811591183243,1.0653027215149,1.08426840759036,1.10524266036038,1.12850305753194,1.15438830946665,1.18331630358391,1.21580914272459,1.25252861822152,1.29432767144584,1.34232711230883,1.39803366956908,1.46352853447808,1.54178219406998,1.63720939214037,1.75671559926717,1.91184867472891,2.12376560052157,2.43674288182981,2.96567726423824,4.16813109331993,0,0,0,0,0,0,0,0,0,0,0,0,0,0,0,0,0,0,0],[0,4.08223815599073,2.90479031354836,2.38690647428854,2.08050121098019,1.87305932478204,1.72122273655686,1.60427365357542,1.51090412750009,1.43435228046405,1.37029526425395,1.31582450028718,1.26890223628114,1.22805324962394,1.19218021999569,1.16044813225524,1.13220915308309,1.10695224012982,1.08426840759036,1.06382620975678,1.04535407327214,1.0286273288848,1.01345853597638,0.99969015776281,0.987188943154721,0.97584156683132,0.965551210006773,0.9562348536427,0.947821117763823,0.940248524125816,0.9334640906229,0.92742218836394,0.922083608869746,0.917414801103717,0.91338724725093,0.909976953150967,0.907164034664607,0.904932385442381,0.9032694148755,0.90216584767678,0.901615578734048,0.901615578734048,0.90216584767678,0.9032694148755,0.904932385442381,0.907164034664607,0.909976953150967,0.91338724725093,0.917414801103716,0.922083608869746,0.92742218836394,0.933464090622899,0.940248524125816,0.947821117763823,0.9562348536427,0.965551210006773,0.97584156683132,0.987188943154721,0.99969015776281,1.01345853597638,1.0286273288848,1.04535407327214,1.06382620975678,1.08426840759036,1.10695224012982,1.13220915308309,1.16044813225524,1.19218021999569,1.22805324962394,1.26890223628114,1.31582450028718,1.37029526425395,1.43435228046405,1.51090412750009,1.60427365357542,1.72122273655686,1.87305932478204,2.08050121098019,2.38690647428854,2.90479031354835,4.08223815599073,0,0,0,0,0,0,0,0,0,0,0,0,0,0,0,0,0,0,0,0],[0,4.003977129655,2.84933055062514,2.34152685925104,2.04111907799537,1.83776298473931,1.68893777290387,1.5743260574869,1.48283863211912,1.40784455252819,1.3451047731519,1.29176717898487,1.24583364263024,1.20585768720925,1.17076342962552,1.13973222025006,1.11212897408934,1.08745275631917,1.0653027215149,1.04535407327214,1.0273407401025,1.01104265998727,0.996276294095421,0.982887445816443,0.970745753584377,0.959740417756696,0.949776850208381,0.940774022852953,0.932662352013566,0.925381998322286,0.918881492369653,0.91311661844134,0.908049504894605,0.903647881763761,0.899884475225959,0.896736515434602,0.894185339524175,0.892216075728477,0.890817397841165,0.889981341910524,0.889703179271471,0.889981341910524,0.890817397841165,0.892216075728477,0.894185339524175,0.896736515434602,0.899884475225959,0.903647881763761,0.908049504894605,0.91311661844134,0.918881492369653,0.925381998322286,0.932662352013566,0.940774022852953,0.949776850208381,0.959740417756696,0.970745753584377,0.982887445816443,0.996276294095421,1.01104265998727,1.0273407401025,1.04535407327214,1.0653027215149,1.08745275631917,1.11212897408934,1.13973222025006,1.17076342962552,1.20585768720925,1.24583364263024,1.29176717898487,1.3451047731519,1.40784455252819,1.48283863211912,1.5743260574869,1.68893777290387,1.83776298473931,2.04111907799536,2.34152685925104,2.84933055062514,4.003977129655,0,0,0,0,0,0,0,0,0,0,0,0,0,0,0,0,0,0,0,0,0],[0,3.93244976033679,2.79865989170175,2.30008063090044,2.00516380641806,1.80555042679637,1.65948537380392,1.54701746276523,1.45725755791117,1.38369448364892,1.32216585991204,1.26987123393002,1.22484874036734,1.18567821472365,1.15130340239374,1.12092064429325,1.0939065385353,1.06976941918288,1.04811591183243,1.0286273288848,1.01104265998727,0.995146088066139,0.980757676367276,0.967726319353663,0.955924337364455,0.945243283272026,0.935590655457609,0.926887297403187,0.919065323819401,0.912066455220454,0.905840672859146,0.900345127662183,0.895543252743105,0.89140404090629,0.887901457455035,0.88501396539377,0.882724145346059,0.881018396611417,0.879886709058091,0.879322498221583,0.879322498221583,0.879886709058091,0.881018396611417,0.882724145346059,0.88501396539377,0.887901457455035,0.89140404090629,0.895543252743105,0.900345127662183,0.905840672859146,0.912066455220454,0.919065323819401,0.926887297403187,0.935590655457609,0.945243283272026,0.955924337364455,0.967726319353663,0.980757676367277,0.995146088066139,1.01104265998727,1.0286273288848,1.04811591183243,1.06976941918288,1.0939065385353,1.12092064429325,1.15130340239374,1.18567821472365,1.22484874036734,1.26987123393002,1.32216585991204,1.38369448364892,1.45725755791117,1.54701746276523,1.65948537380392,1.80555042679637,2.00516380641806,2.30008063090044,2.79865989170175,3.93244976033679,0,0,0,0,0,0,0,0,0,0,0,0,0,0,0,0,0,0,0,0,0,0],[0,3.86690434065829,2.75224440331115,2.2621298585819,1.97225440944027,1.77607932598108,1.63255160349269,1.52205587882941,1.43388650604668,1.36164216408086,1.30123080131893,1.24989936465715,1.20571926584769,1.16729449332026,1.13358681632208,1.10380634700457,1.07734042249059,1.05370590300781,1.0325162929594,1.01345853597638,0.996276294095421,0.980757676367276,0.966726085164572,0.954033288356486,0.942554107742458,0.932182299299934,0.922827324766054,0.914411798607521,0.906869453057663,0.900143505192369,0.894185339524175,0.888953440968176,0.884412528718534,0.880532853231132,0.877289627282155,0.874662568765331,0.872635538071151,0.871196256969336,0.87033609919143,0.870049945608423,0.87033609919143,0.871196256969336,0.872635538071151,0.874662568765331,0.877289627282155,0.880532853231132,0.884412528718534,0.888953440968176,0.894185339524175,0.900143505192369,0.906869453057663,0.914411798607521,0.922827324766054,0.932182299299934,0.942554107742458,0.954033288356486,0.966726085164572,0.980757676367277,0.996276294095421,1.01345853597638,1.0325162929594,1.05370590300781,1.07734042249059,1.10380634700457,1.13358681632208,1.16729449332026,1.20571926584769,1.24989936465715,1.30123080131893,1.36164216408086,1.43388650604668,1.52205587882941,1.63255160349269,1.77607932598107,1.97225440944027,2.2621298585819,2.75224440331115,3.86690434065829,0,0,0,0,0,0,0,0,0,0,0,0,0,0,0,0,0,0,0,0,0,0,0],[0,3.80670670884343,2.70963369419026,2.22730517646676,1.94206959010762,1.74906102865356,1.60787178434453,1.49919516741734,1.41249420513347,1.34146857233465,1.28209088409524,1.23165167917739,1.18825298043705,1.1505210010785,1.11743410196145,1.08821507870955,1.06226116578153,1.03909708802254,1.01834270179037,0.99969015776281,0.982887445816443,0.967726319353663,0.954033288356486,0.941662803422314,0.930492030820858,0.920416800862803,0.911348433888755,0.903211231396753,0.895940477536532,0.889480836851588,0.883785063205905,0.878812955886035,0.874530514326779,0.87090925440613,0.867925657920613,0.865560733476185,0.863799672173748,0.862631585537734,0.862049316429514,0.862049316429514,0.862631585537734,0.863799672173748,0.865560733476185,0.867925657920613,0.87090925440613,0.874530514326779,0.878812955886035,0.883785063205905,0.889480836851588,0.895940477536532,0.903211231396753,0.911348433888755,0.920416800862803,0.930492030820858,0.941662803422314,0.954033288356486,0.967726319353663,0.982887445816443,0.99969015776281,1.01834270179037,1.03909708802254,1.06226116578153,1.08821507870955,1.11743410196145,1.1505210010785,1.18825298043705,1.23165167917739,1.28209088409524,1.34146857233465,1.41249420513347,1.49919516741734,1.60787178434452,1.74906102865356,1.94206959010762,2.22730517646676,2.70963369419026,3.80670670884343,0,0,0,0,0,0,0,0,0,0,0,0,0,0,0,0,0,0,0,0,0,0,0,0],[0,3.75131798398794,2.67044509433423,2.19529280171712,1.91433644243678,1.72425039542548,1.5852211775035,1.47822637014639,1.3928843567887,1.32298784684871,1.26456903443028,1.21495862905441,1.17228686999623,1.13520046385256,1.10269307758666,1.07399921455658,1.04852525217681,1.02580318762185,1.00545875819898,0.987188943154721,0.970745753584377,0.955924337364455,0.942554107742458,0.930492030820858,0.919617480867599,0.909828251956552,0.901037434667716,0.893170948568557,0.886165578067524,0.879967399297067,0.874530514326779,0.869816029769914,0.865791232099988,0.862428923351092,0.859706889449161,0.857607479991997,0.85611728341875,0.855226885587182,0.854930703107101,0.855226885587182,0.85611728341875,0.857607479991997,0.859706889449161,0.862428923351092,0.865791232099988,0.869816029769914,0.874530514326779,0.879967399297067,0.886165578067524,0.893170948568557,0.901037434667716,0.909828251956552,0.919617480867599,0.930492030820858,0.942554107742458,0.955924337364455,0.970745753584377,0.987188943154721,1.00545875819898,1.02580318762185,1.04852525217681,1.07399921455658,1.10269307758666,1.13520046385256,1.17228686999623,1.21495862905441,1.26456903443028,1.32298784684871,1.3928843567887,1.47822637014639,1.58522117750351,1.72425039542548,1.91433644243678,2.19529280171712,2.67044509433422,3.75131798398794,0,0,0,0,0,0,0,0,0,0,0,0,0,0,0,0,0,0,0,0,0,0,0,0,0],[0,3.70027726576795,2.63435136206055,2.16582444787132,1.88882167272348,1.70143790988965,1.56440774274603,1.45897097126951,1.37488930112287,1.30604128279415,1.2485140930928,1.19967552219587,1.15768186340476,1.12119875387309,1.08923400690909,1.06103295394597,1.03601043591744,1.01370518958065,0.993748410286407,0.97584156683132,0.959740417756696,0.945243283272026,0.932182299299934,0.920416800862803,0.909828251956552,0.900316316157106,0.891795780780575,0.884194128288307,0.877449604725168,0.871509674508064,0.866329779148529,0.861872337992473,0.858105944131725,0.855004719877345,0.852547804683535,0.850718954944823,0.84950624020863,0.848901824450711,0.848901824450711,0.84950624020863,0.850718954944823,0.852547804683535,0.855004719877345,0.858105944131725,0.861872337992473,0.866329779148529,0.871509674508064,0.877449604725168,0.884194128288307,0.891795780780575,0.900316316157106,0.909828251956552,0.920416800862803,0.932182299299934,0.945243283272026,0.959740417756696,0.97584156683132,0.993748410286407,1.01370518958065,1.03601043591744,1.06103295394597,1.08923400690909,1.12119875387309,1.15768186340476,1.19967552219587,1.24851409309281,1.30604128279415,1.37488930112287,1.45897097126951,1.56440774274603,1.70143790988965,1.88882167272348,2.16582444787132,2.63435136206055,3.70027726576795,0,0,0,0,0,0,0,0,0,0,0,0,0,0,0,0,0,0,0,0,0,0,0,0,0,0],[0,3.65318804365296,2.60107102727668,2.13866940161938,1.86532470402713,1.68044348046432,1.54526645205949,1.4412756065383,1.35836504220781,1.29049261806377,1.23379632031024,1.18567821472365,1.14431868634726,1.10840088532149,1.07694571999612,1.0492085531631,1.02461207461942,1.00270127951513,0.983112440084199,0.965551210006773,0.949776850208381,0.935590655457609,0.922827324766054,0.911348433888755,0.901037434667716,0.891795780780575,0.883539896509282,0.876198784980607,0.86971212771737,0.864028766375408,0.859105485465486,0.854906035121721,0.851400347889423,0.848563914638275,0.846377293148958,0.844825729436995,0.84389887701375,0.843590603441085,0.84389887701375,0.844825729436995,0.846377293148958,0.848563914638275,0.851400347889423,0.854906035121721,0.859105485465486,0.864028766375408,0.86971212771737,0.876198784980607,0.883539896509282,0.891795780780575,0.901037434667716,0.911348433888755,0.922827324766054,0.935590655457609,0.949776850208381,0.965551210006773,0.983112440084199,1.00270127951513,1.02461207461942,1.0492085531631,1.07694571999612,1.10840088532149,1.14431868634726,1.18567821472365,1.23379632031024,1.29049261806377,1.35836504220781,1.4412756065383,1.54526645205949,1.68044348046433,1.86532470402713,2.13866940161937,2.60107102727668,3.65318804365296,0,0,0,0,0,0,0,0,0,0,0,0,0,0,0,0,0,